23677
55413
19823
61926
32908
7229
45194
60224
37259
43784
5992
59441
44709
45572
26872
49103
44285
61634
53965
17178
20935
30637
365
6072
38128
33788
10346
7345
7982
9029
2699
10570
22517
5581
46152
15767
39963
44553
57134
60381
10548
53787
27274
47037
3477
28965
8221
59099
63181
40695
12813
11252
4408
35947
52447
15401
45144
61110
31829
44050
6820
21401
28624
63979
22736
55420
18828
57779
10853
48903
44788
39339
27752
12072
22190
24522
5233
58559
38431
30042
63462
39638
11024
52114
38293
20320
6768
58559
64682
19810
23016
55194
18544
41043
43566
43075
24942
50857
37777
57840
17351
19252
6034
16427
48476
16754
4497
25773
52579
24675
53257
53683
49188
52784
32703
20066
5563
19767
7407
17826
55048
54550
50165
50729
25114
12355
7643
24120
62502
46380
60729
54626
25603
57486
18429
40101
2667
31312
8781
61266
48648
3792
30998
61526
58876
12383
40701
21805
57177
63496
6172
21713
34291
11769
44719
58198
28844
63726
20625
46313
455
52609
6663
60091
34394
61992
12556
42120
20939
28514
44194
22458
44236
54600
22682
50267
1910
19645
20269
36320
44424
58085
59862
60678
8067
38384
45429
3695
40073
6754
44537
37327
40210
38071
42787
13711
22183
7226
44333
9426
35399
3522
10559
6274
6977
18396
1261
43301
20518
59918
26045
54598
21610
11888
28737
2456
5286
17494
26011
29310
62025
35850
51477
15587
62255
21350
39266
50324
63351
55603
50438
47722
28923
20021
2832
43873
62843
11971
21334
17670
33832
21240
2992
25039
16830
42602
19696
39772
57687
36519
62004
34632
40084
39548
39594
12216
2345
24224
59478
229
56612
10189
37154
41866
48143
59999
53635
52908
63082
7336
1265
25824
4120
49013
3879
30547
21121
4168
34065
30340
25046
20025
17631
47954
4855
46671
15529
7588
48749
49633
18005
54852
15857
41499
14493
59930
12909
37618
2006
46039
16692
38399
12447
20677
40462
24384
49645
9168
32127
10947
32408
55690
19686
1770
30603
18145
48582
5098
41625
46305
37948
51714
46465
9309
38687
34208
36042
26391
10366
9955
45407
38647
44940
18775
59882
6556
44949
34126
58625
34092
54008
56938
55907
3333
21254
20177
58183
43003
36591
40021
52996
39083
47658
61740
27092
63748
50956
11357
49633
7923
57829
27547
41687
16198
21779
55467
42228
24513
48296
29752
8476
6142
20782
7989
43884
40089
25257
63219
24583
18283
4055
44817
1500
5221
57239
43978
30765
4989
15435
30438
50343
30453
22581
50727
18595
59553
47017
46001
55132
4776
22442
19380
35905
36677
3594
65304
35567
43214
37235
29942
12659
50884
25651
13539
31723
1981
18985
38520
53844
12473
47550
42864
44311
50081
59054
30062
23069
5646
15568
33587
22061
43390
54883
38660
48193
46389
13743
29072
2449
53751
10863
3532
8366
30559
49635
33706
822
35785
45381
34041
4103
41115
12208
11751
52751
45075
23287
52575
63970
52540
19453
42330
61637
21708
65526
64617
58955
54514
24085
16444
64914
15379
24909
16750
17182
31329
56781
37679
13421
53549
24204
61991
34054
42040
10735
58624
57846
65125
60120
62246
49945
47877
42489
15109
51390
43290
16347
36241
35696
11601
44966
45161
11757
11184
10905
63367
60988
2490
52660
763
38227
46908
4944
20709
9241
5402
21221
16456
54378
8465
36593
39516
17339
49394
28986
17944
59102
17037
56800
14609
12851
60578
25302
22952
55947
48075
47353
60716
22616
27179
57108
28963
15397
39959
13074
48658
44828
54660
35765
60214
43240
11601
17015
17210
25570
27578
31544
22735
36087
57742
47896
56526
44302
13673
4795
44383
41319
11445
8033
58246
26214
1602
58107
41503
28683
58838
45820
37752
46091
35245
6483
22849
65141
42626
42992
31179
14865
53957
11983
22033
50396
32873
5087
31094
28158
44070
25772
44888
16573
19441
38994
3981
9928
12898
28388
63895
50809
50338
20055
23493
55048
6669
26268
50927
45131
41607
37607
38430
52346
24751
49040
49856
44098
57837
50895
1773
26381
3603
34005
24408
46638
29976
61971
19123
30999
6592
37521
50235
15777
44507
32779
42866
59752
32404
56180
11238
4992
50987
63147
32118
16206
1226
2594
10253
64944
6421
41145
27076
63453
20715
63448
21421
15086
43967
40937
33948
25326
21611
33508
53906
54233
4156
49428
17088
19898
21235
18653
40450
20912
41087
47622
58497
61445
19870
43418
1734
22118
35236
11682
2471
26671
52133
16734
1220
40176
20047
61523
62921
37298
42567
47547
58570
7173
49401
35839
19620
10454
46044
27155
42339
24748
53315
61434
37507
64934
60525
49620
56240
47430
57798
36541
35023
28530
59453
57275
18868
29961
57843
59459
37712
35167
26387
2758
26510
20226
41442
42336
44729
57314
58692
64165
383
5915
38465
62841
9614
48659
8630
65229
46288
52930
36025
54626
7287
18758
56945
7296
34265
47649
30577
17241
17291
80
4973
11621
468
23056
135
10579
30261
25437
16803
57741
24377
56879
12724
62494
55219
41042
37554
18686
55234
25027
7784
25355
1612
55054
63366
12825
1887
12633
10510
6427
21451
59402
34509
15234
29618
27196
11863
56815
36313
50989
62010
61776
32749
32836
39847
18922
50479
64473
2013
44725
63756
39316
14351
52811
44766
20083
56073
18022
5847
15158
12661
42801
44811
41731
24207
42342
17969
29896
53703
19139
22753
42916
61523
48401
20870
38035
6745
22011
13220
19668
38002
626
33899
28875
26080
52429
57620
62706
25744
47701
14282
32206
7059
49312
21918
59250
1521
6811
52250
15512
28780
5457
44796
56204
53120
686
30604
2005
11679
10824
23111
23923
42736
44603
30250
59699
30113
41545
42655
26725
33404
20093
6726
60394
35705
25087
38374
53011
60179
59326
62412
21660
45606
8838
47415
62256
53477
10716
50492
16883
21570
41563
11026
56370
33436
15356
17777
31929
50768
38014
17767
62605
40383
40118
48504
43323
8261
60087
34307
37876
23805
18782
27149
40758
56634
64821
12277
1130
49007
22590
10387
26796
10855
24328
40183
57124
41473
4830
24473
19282
4293
58417
56836
30107
2712
26292
17207
19322
61178
31546
16006
31295
37537
13269
36317
51880
2938
401
31195
17318
5408
39552
34407
16192
24814
10028
63250
54333
33398
59809
46204
34279
10579
52003
11048
18366
601
14753
62615
63639
5739
63548
22051
26371
23256
4128
46406
19070
39012
52646
11208
59892
59724
41585
1908
8987
3538
